1 10
2 0 1 4.54
2 0 2 2.99
2 0 3 5.59
2 0 4 4.25
2 0 5 0.7
2 0 6 7.35
2 0 7 9.22
2 0 8 6.07
2 0 9 9.84
2 1 2 0.59
2 1 3 7.71
2 1 4 6.56
2 1 5 7.69
2 1 6 0.47
2 1 7 3.54
2 1 8 5.71
2 1 9 6.4
2 2 3 7.69
2 2 4 3.79
2 2 5 0.49
2 2 6 5.85
2 2 7 8.84
2 2 8 6.45
2 2 9 1.36
2 3 4 9.35
2 3 5 5.1
2 3 6 1.79
2 3 7 4.87
2 3 8 9.07
2 3 9 0.11
2 4 5 1.61
2 4 6 6.03
2 4 7 3.59
2 4 8 8.7
2 4 9 6.78
2 5 6 4.29
2 5 7 0.97
2 5 8 3.14
2 5 9 0.68
2 6 7 9.39
2 6 8 6.19
2 6 9 5.19
2 7 8 1.93
2 7 9 6.45
2 8 9 0.9
3
6
4
5 5
6
4
7
6
4
0