50
0 1 5.720651060624658
1 0 5.720651060624658
0 2 5.571800531077702
2 0 5.571800531077702
0 3 4.059963519706189
3 0 4.059963519706189
0 4 5.385691757687309
4 0 5.385691757687309
0 5 0.14456230418722127
5 0 0.14456230418722127
0 6 8.11982138436478
6 0 8.11982138436478
0 7 3.227678963574646
7 0 3.227678963574646
0 8 3.728554153992316
8 0 3.728554153992316
0 9 1.1702202443061338
9 0 1.1702202443061338
0 10 9.78129328782858
10 0 9.78129328782858
0 11 6.868812834296888
11 0 6.868812834296888
0 12 4.286605736988886
12 0 4.286605736988886
0 13 3.98808373691479
13 0 3.98808373691479
0 14 2.750004286281965
14 0 2.750004286281965
0 15 1.3175374476110735
15 0 1.3175374476110735
0 16 3.2163758621555303
16 0 3.2163758621555303
0 17 7.152587380307774
17 0 7.152587380307774
0 18 4.118036348993047
18 0 4.118036348993047
0 19 6.607817391524597
19 0 6.607817391524597
0 20 9.960611702274528
20 0 9.960611702274528
0 21 7.671292010451596
21 0 7.671292010451596
0 22 0.3349109530531069
22 0 0.3349109530531069
0 23 6.970812517535425
23 0 6.970812517535425
0 24 4.703452590205542
24 0 4.703452590205542
0 25 5.921847665689549
25 0 5.921847665689549
0 26 2.7913162940648917
26 0 2.7913162940648917
0 27 8.344086508541643
27 0 8.344086508541643
0 28 2.2848141270528277
28 0 2.2848141270528277
0 29 4.35703814620921
29 0 4.35703814620921
0 30 8.636609763916493
30 0 8.636609763916493
0 31 3.889018706109445
31 0 3.889018706109445
0 32 7.977114131701944
32 0 7.977114131701944
0 33 9.358562353559789
33 0 9.358562353559789
0 34 2.980301495449449
34 0 2.980301495449449
0 35 7.81945809223064
35 0 7.81945809223064
0 36 2.724748630599029
36 0 2.724748630599029
0 37 1.3130986333443906
37 0 1.3130986333443906
0 38 3.4812420980568595
38 0 3.4812420980568595
0 39 2.4638010093078586
39 0 2.4638010093078586
0 40 5.456482861316442
40 0 5.456482861316442
0 41 4.009593614911181
41 0 4.009593614911181
0 42 5.99425527927491
42 0 5.99425527927491
0 43 3.414313747499007
43 0 3.414313747499007
0 44 7.903192323435693
44 0 7.903192323435693
0 45 0.7946003031617566
45 0 0.7946003031617566
0 46 0.42246760677163264
46 0 0.42246760677163264
0 47 2.8616591698600127
47 0 2.8616591698600127
0 48 2.9881537781425074
48 0 2.9881537781425074
0 49 1.5728866124472174
49 0 1.5728866124472174
1 2 9.214606772846603
2 1 9.214606772846603
1 3 1.769232023643088
3 1 1.769232023643088
1 4 1.3043517341337973
4 1 1.3043517341337973
1 5 1.703424428318322
5 1 1.703424428318322
1 6 7.0500529685894815
6 1 7.0500529685894815
1 7 7.411043364301351
7 1 7.411043364301351
1 8 1.453030424831483
8 1 1.453030424831483
1 9 1.1162585372512335
9 1 1.1162585372512335
1 10 9.170446086040116
10 1 9.170446086040116
1 11 3.978539968729149
11 1 3.978539968729149
1 12 9.089989050831756
12 1 9.089989050831756
1 13 9.563648251686542
13 1 9.563648251686542
1 14 7.5451635662003325
14 1 7.5451635662003325
1 15 0.4558790234168897
15 1 0.4558790234168897
1 16 6.410880936351951
16 1 6.410880936351951
1 17 1.8192606548908608
17 1 1.8192606548908608
1 18 8.599004103682637
18 1 8.599004103682637
1 19 1.7698270734934263
19 1 1.7698270734934263
1 20 8.504047746145961
20 1 8.504047746145961
1 21 4.852091425705466
21 1 4.852091425705466
1 22 3.583922329680428
22 1 3.583922329680428
1 23 6.339584513676292
23 1 6.339584513676292
1 24 5.509176423259531
24 1 5.509176423259531
1 25 7.5271728882926165
25 1 7.5271728882926165
1 26 2.842680928515211
26 1 2.842680928515211
1 27 5.583483786365315
27 1 5.583483786365315
1 28 9.842344651863877
28 1 9.842344651863877
1 29 2.2230257905940585
29 1 2.2230257905940585
1 30 8.190797792574743
30 1 8.190797792574743
1 31 8.68364633858264
31 1 8.68364633858264
1 32 5.882773782605547
32 1 5.882773782605547
1 33 6.906196015403955
33 1 6.906196015403955
1 34 3.4341839223375237
34 1 3.4341839223375237
1 35 8.966326818470696
35 1 8.966326818470696
1 36 5.463884411192664
36 1 5.463884411192664
1 37 5.666113960599537
37 1 5.666113960599537
1 38 1.6433831466287863
38 1 1.6433831466287863
1 39 6.624810297622301
39 1 6.624810297622301
1 40 6.271005960935607
40 1 6.271005960935607
1 41 5.488900785460098
41 1 5.488900785460098
1 42 9.221338863387272
42 1 9.221338863387272
1 43 6.193373494725295
43 1 6.193373494725295
1 44 1.8203656846343252
44 1 1.8203656846343252
1 45 7.136636860288318
45 1 7.136636860288318
1 46 1.0301303533888284
46 1 1.0301303533888284
1 47 6.174954826359916
47 1 6.174954826359916
1 48 1.0787422840471672
48 1 1.0787422840471672
1 49 8.399000745506507
49 1 8.399000745506507
2 3 7.883136285142834
3 2 7.883136285142834
2 4 2.531828487462181
4 2 2.531828487462181
2 5 2.9804364528707095
5 2 2.9804364528707095
2 6 8.69707456246532
6 2 8.69707456246532
2 7 7.56259923581745
7 2 7.56259923581745
2 8 7.367706668999411
8 2 7.367706668999411
2 9 6.107979866300352
9 2 6.107979866300352
2 10 5.04450592032595
10 2 5.04450592032595
2 11 3.1885767381186914
11 2 3.1885767381186914
2 12 9.061345263209086
12 2 9.061345263209086
2 13 6.625262651828718
13 2 6.625262651828718
2 14 0.7091018363279333
14 2 0.7091018363279333
2 15 8.243788215846676
15 2 8.243788215846676
2 16 0.35586264826349967
16 2 0.35586264826349967
2 17 8.186531619877563
17 2 8.186531619877563
2 18 9.568326298089369
18 2 9.568326298089369
2 19 5.849874134115913
19 2 5.849874134115913
2 20 6.464623269379658
20 2 6.464623269379658
2 21 5.991974263337397
21 2 5.991974263337397
2 22 1.1150613418300936
22 2 1.1150613418300936
2 23 0.9941037152891163
23 2 0.9941037152891163
2 24 6.123679844580936
24 2 6.123679844580936
2 25 3.4203691200713093
25 2 3.4203691200713093
2 26 3.345380551245997
26 2 3.345380551245997
2 27 8.321584416270007
27 2 8.321584416270007
2 28 4.702405799197576
28 2 4.702405799197576
2 29 3.7415485516931146
29 2 3.7415485516931146
2 30 3.347976847438222
30 2 3.347976847438222
2 31 4.836536152628122
31 2 4.836536152628122
2 32 9.978095192719158
32 2 9.978095192719158
2 33 1.2961874116177052
33 2 1.2961874116177052
2 34 8.315278274419661
34 2 8.315278274419661
2 35 6.3972178947946015
35 2 6.3972178947946015
2 36 7.9869391890885835
36 2 7.9869391890885835
2 37 6.22769464405029
37 2 6.22769464405029
2 38 2.909169183737066
38 2 2.909169183737066
2 39 9.242600372671223
39 2 9.242600372671223
2 40 8.482940160612854
40 2 8.482940160612854
2 41 4.360750831718966
41 2 4.360750831718966
2 42 2.4396358626924908
42 2 2.4396358626924908
2 43 2.954900629118117
43 2 2.954900629118117
2 44 6.967955679156139
44 2 6.967955679156139
2 45 9.14330205068033
45 2 9.14330205068033
2 46 5.152536043468525
46 2 5.152536043468525
2 47 9.24060777103559
47 2 9.24060777103559
2 48 3.0002092088461216
48 2 3.0002092088461216
2 49 5.703583582011051
49 2 5.703583582011051
3 4 1.073087681026259
4 3 1.073087681026259
3 5 1.7036449099453987
5 3 1.7036449099453987
3 6 2.5452455828647915
6 3 2.5452455828647915
3 7 8.021014417289777
7 3 8.021014417289777
3 8 9.314561991245943
8 3 9.314561991245943
3 9 5.387827428909173
9 3 5.387827428909173
3 10 5.502447770044533
10 3 5.502447770044533
3 11 8.969567924915902
11 3 8.969567924915902
3 12 0.5370568950334875
12 3 0.5370568950334875
3 13 1.281793700400854
13 3 1.281793700400854
3 14 8.221875359599888
14 3 8.221875359599888
3 15 9.564491925004226
15 3 9.564491925004226
3 16 6.329115248672823
16 3 6.329115248672823
3 17 0.208102402469168
17 3 0.208102402469168
3 18 4.820319862245105
18 3 4.820319862245105
3 19 8.128012172012497
19 3 8.128012172012497
3 20 2.6853467942846967
20 3 2.6853467942846967
3 21 2.5591996113257176
21 3 2.5591996113257176
3 22 0.4121211850354245
22 3 0.4121211850354245
3 23 2.2869257908773566
23 3 2.2869257908773566
3 24 0.4660993317419626
24 3 0.4660993317419626
3 25 5.196483474290422
25 3 5.196483474290422
3 26 3.989420255936623
26 3 3.989420255936623
3 27 6.724750371290687
27 3 6.724750371290687
3 28 1.7506173508929534
28 3 1.7506173508929534
3 29 4.4947023013104745
29 3 4.4947023013104745
3 30 8.618174389461265
30 3 8.618174389461265
3 31 7.433364186712307
31 3 7.433364186712307
3 32 7.333018713947186
32 3 7.333018713947186
3 33 4.992440774178418
33 3 4.992440774178418
3 34 1.860390489274445
34 3 1.860390489274445
3 35 8.843836978509147
35 3 8.843836978509147
3 36 7.2608058329053495
36 3 7.2608058329053495
3 37 6.400465994122181
37 3 6.400465994122181
3 38 9.889684708217022
38 3 9.889684708217022
3 39 3.663415934781219
39 3 3.663415934781219
3 40 3.278522792187567
40 3 3.278522792187567
3 41 7.823217141381361
41 3 7.823217141381361
3 42 4.636404619737709
42 3 4.636404619737709
3 43 6.505399090073615
43 3 6.505399090073615
3 44 9.314558822945747
44 3 9.314558822945747
3 45 6.96474018454384
45 3 6.96474018454384
3 46 4.480203302319285
46 3 4.480203302319285
3 47 1.4708918197707588
47 3 1.4708918197707588
3 48 3.7369888935182383
48 3 3.7369888935182383
3 49 3.81888654134242
49 3 3.81888654134242
4 5 5.502084528273727
5 4 5.502084528273727
4 6 0.7262081070464876
6 4 0.7262081070464876
4 7 5.004733195039749
7 4 5.004733195039749
4 8 2.884604703744925
8 4 2.884604703744925
4 9 2.114586948575299
9 4 2.114586948575299
4 10 5.8169468208014266
10 4 5.8169468208014266
4 11 0.553208078287033
11 4 0.553208078287033
4 12 5.300677460138957
12 4 5.300677460138957
4 13 3.007909397598775
13 4 3.007909397598775
4 14 5.969533184186512
14 4 5.969533184186512
4 15 7.2790319844559015
15 4 7.2790319844559015
4 16 2.4602637798221503
16 4 2.4602637798221503
4 17 0.7814270709033666
17 4 0.7814270709033666
4 18 7.953286902644577
18 4 7.953286902644577
4 19 0.8262372344258995
19 4 0.8262372344258995
4 20 5.644127644507816
20 4 5.644127644507816
4 21 1.3741801492755334
21 4 1.3741801492755334
4 22 0.21084064330959884
22 4 0.21084064330959884
4 23 0.02683709933663736
23 4 0.02683709933663736
4 24 2.0024497430889188
24 4 2.0024497430889188
4 25 2.4645659807285094
25 4 2.4645659807285094
4 26 9.911999572165616
26 4 9.911999572165616
4 27 2.311476822593751
27 4 2.311476822593751
4 28 5.818627949935172
28 4 5.818627949935172
4 29 8.378601449579653
29 4 8.378601449579653
4 30 5.345898650131499
30 4 5.345898650131499
4 31 5.681299668052379
31 4 5.681299668052379
4 32 5.40450019218868
32 4 5.40450019218868
4 33 2.727761688493681
33 4 2.727761688493681
4 34 7.638575638913393
34 4 7.638575638913393
4 35 2.9200397785964816
35 4 2.9200397785964816
4 36 0.20492248427382287
36 4 0.20492248427382287
4 37 8.991546762641446
37 4 8.991546762641446
4 38 5.167853941586542
38 4 5.167853941586542
4 39 4.1257519827090325
39 4 4.1257519827090325
4 40 9.730669643139688
40 4 9.730669643139688
4 41 3.566565069765412
41 4 3.566565069765412
4 42 1.24467982126236
42 4 1.24467982126236
4 43 4.354472795425942
43 4 4.354472795425942
4 44 5.792123181895496
44 4 5.792123181895496
4 45 5.423063323928132
45 4 5.423063323928132
4 46 0.6398392322309376
46 4 0.6398392322309376
4 47 4.193503695387474
47 4 4.193503695387474
4 48 2.172240296950234
48 4 2.172240296950234
4 49 1.4414726106192932
49 4 1.4414726106192932
5 6 3.357235476359123
6 5 3.357235476359123
5 7 2.4198924366055543
7 5 2.4198924366055543
5 8 1.355806219358462
8 5 1.355806219358462
5 9 6.745685567290689
9 5 6.745685567290689
5 10 4.689675628033248
10 5 4.689675628033248
5 11 1.5500840668768678
11 5 1.5500840668768678
5 12 6.222991234278295
12 5 6.222991234278295
5 13 4.906413076860368
13 5 4.906413076860368
5 14 9.040385938157328
14 5 9.040385938157328
5 15 9.049599463852767
15 5 9.049599463852767
5 16 5.7187468429760795
16 5 5.7187468429760795
5 17 3.757114847216201
17 5 3.757114847216201
5 18 1.253232326945003
18 5 1.253232326945003
5 19 9.246992998986238
19 5 9.246992998986238
5 20 7.425592833443066
20 5 7.425592833443066
5 21 8.746637217722492
21 5 8.746637217722492
5 22 3.266894091008059
22 5 3.266894091008059
5 23 3.584231521066
23 5 3.584231521066
5 24 6.69586158388853
24 5 6.69586158388853
5 25 7.246830934771731
25 5 7.246830934771731
5 26 5.793006071908953
26 5 5.793006071908953
5 27 9.73602272470192
27 5 9.73602272470192
5 28 1.540484155640408
28 5 1.540484155640408
5 29 4.0400662408985255
29 5 4.0400662408985255
5 30 4.415541396490946
30 5 4.415541396490946
5 31 3.343520463372751
31 5 3.343520463372751
5 32 4.824913760471076
32 5 4.824913760471076
5 33 0.33069618361862396
33 5 0.33069618361862396
5 34 7.018483306250144
34 5 7.018483306250144
5 35 9.633214898932094
35 5 9.633214898932094
5 36 0.4888009132335003
36 5 0.4888009132335003
5 37 6.056167498993186
37 5 6.056167498993186
5 38 4.771092694818959
38 5 4.771092694818959
5 39 6.029714100717455
39 5 6.029714100717455
5 40 8.484551169175303
40 5 8.484551169175303
5 41 8.017615087868476
41 5 8.017615087868476
5 42 2.0348463795202476
42 5 2.0348463795202476
5 43 1.0215117603563628
43 5 1.0215117603563628
5 44 3.920910200348829
44 5 3.920910200348829
5 45 4.406414539860711
45 5 4.406414539860711
5 46 1.5033862848685509
46 5 1.5033862848685509
5 47 9.001723503825168
47 5 9.001723503825168
5 48 9.501233279247007
48 5 9.501233279247007
5 49 9.67231333190932
49 5 9.67231333190932
6 7 9.646586679234522
7 6 9.646586679234522
6 8 5.581168565813163
8 6 5.581168565813163
6 9 6.762121911328798
9 6 6.762121911328798
6 10 2.360397949262394
10 6 2.360397949262394
6 11 4.102110314255887
11 6 4.102110314255887
6 12 2.959063763152543
12 6 2.959063763152543
6 13 0.8466130326210808
13 6 0.8466130326210808
6 14 2.538295105165539
14 6 2.538295105165539
6 15 9.042588942298247
15 6 9.042588942298247
6 16 0.3369848501559003
16 6 0.3369848501559003
6 17 5.58713265374204
17 6 5.58713265374204
6 18 4.741648236125512
18 6 4.741648236125512
6 19 6.743834445748185
19 6 6.743834445748185
6 20 0.07464435677310699
20 6 0.07464435677310699
6 21 0.5269355563260358
21 6 0.5269355563260358
6 22 6.985046730727795
22 6 6.985046730727795
6 23 3.589246268800782
23 6 3.589246268800782
6 24 6.3114214894931635
24 6 6.3114214894931635
6 25 9.174769026764682
25 6 9.174769026764682
6 26 6.317232792996112
26 6 6.317232792996112
6 27 6.567850455356123
27 6 6.567850455356123
6 28 9.11547604923289
28 6 9.11547604923289
6 29 8.26601643000695
29 6 8.26601643000695
6 30 6.6435427731132535
30 6 6.6435427731132535
6 31 1.9581703154914631
31 6 1.9581703154914631
6 32 3.8726626853658486
32 6 3.8726626853658486
6 33 1.0945904674761953
33 6 1.0945904674761953
6 34 5.095189001531067
34 6 5.095189001531067
6 35 1.3373921440066594
35 6 1.3373921440066594
6 36 2.5903556182240095
36 6 2.5903556182240095
6 37 4.083360251277536
37 6 4.083360251277536
6 38 9.09412230156338
38 6 9.09412230156338
6 39 1.315059544376782
39 6 1.315059544376782
6 40 1.0666876871081687
40 6 1.0666876871081687
6 41 4.676915630156644
41 6 4.676915630156644
6 42 7.443858570359895
42 6 7.443858570359895
6 43 2.4627915709034442
43 6 2.4627915709034442
6 44 3.4635888491071065
44 6 3.4635888491071065
6 45 0.3689843021784833
45 6 0.3689843021784833
6 46 5.270795720970502
46 6 5.270795720970502
6 47 9.796286203956967
47 6 9.796286203956967
6 48 3.722412934567292
48 6 3.722412934567292
6 49 3.217833618716056
49 6 3.217833618716056
7 8 4.447181971412104
8 7 4.447181971412104
7 9 1.8631381906781264
9 7 1.8631381906781264
7 10 1.4738180860192995
10 7 1.4738180860192995
7 11 1.556508133958594
11 7 1.556508133958594
7 12 8.246043960881787
12 7 8.246043960881787
7 13 7.999765142058793
13 7 7.999765142058793
7 14 8.618968916887962
14 7 8.618968916887962
7 15 0.770762770744039
15 7 0.770762770744039
7 16 1.4100181365463826
16 7 1.4100181365463826
7 17 3.642999020026786
17 7 3.642999020026786
7 18 1.5970130659649662
18 7 1.5970130659649662
7 19 7.996073798950061
19 7 7.996073798950061
7 20 4.560173489409831
20 7 4.560173489409831
7 21 1.716669374613714
21 7 1.716669374613714
7 22 3.504172653054256
22 7 3.504172653054256
7 23 1.3761210700251658
23 7 1.3761210700251658
7 24 4.927551186303787
24 7 4.927551186303787
7 25 4.060767831545107
25 7 4.060767831545107
7 26 9.692691548143445
26 7 9.692691548143445
7 27 3.1286547900395623
27 7 3.1286547900395623
7 28 3.759290209097217
28 7 3.759290209097217
7 29 0.6305505174491333
29 7 0.6305505174491333
7 30 0.2532586742845211
30 7 0.2532586742845211
7 31 7.080667682258612
31 7 7.080667682258612
7 32 4.432846297883236
32 7 4.432846297883236
7 33 5.765199637811396
33 7 5.765199637811396
7 34 2.872427198312295
34 7 2.872427198312295
7 35 5.5633222163026455
35 7 5.5633222163026455
7 36 4.3059530938610555
36 7 4.3059530938610555
7 37 0.21043042105220788
37 7 0.21043042105220788
7 38 9.956932915744508
38 7 9.956932915744508
7 39 7.598081553472712
39 7 7.598081553472712
7 40 7.63661715471371
40 7 7.63661715471371
7 41 4.776698686948457
41 7 4.776698686948457
7 42 4.629712507038861
42 7 4.629712507038861
7 43 0.1590260517856601
43 7 0.1590260517856601
7 44 6.526572039675155
44 7 6.526572039675155
7 45 6.524424425054009
45 7 6.524424425054009
7 46 1.227807852820596
46 7 1.227807852820596
7 47 6.962336342355493
47 7 6.962336342355493
7 48 1.7732690963782138
48 7 1.7732690963782138
7 49 1.1899186914050408
49 7 1.1899186914050408
8 9 7.270234723179464
9 8 7.270234723179464
8 10 4.71245454707886
10 8 4.71245454707886
8 11 5.759609819540369
11 8 5.759609819540369
8 12 6.200459964690204
12 8 6.200459964690204
8 13 5.514286493167807
13 8 5.514286493167807
8 14 5.025436806428014
14 8 5.025436806428014
8 15 5.0672772075142625
15 8 5.0672772075142625
8 16 7.074239264356919
16 8 7.074239264356919
8 17 6.681631016817021
17 8 6.681631016817021
8 18 1.3535379108094137
18 8 1.3535379108094137
8 19 1.368654031011055
19 8 1.368654031011055
8 20 6.2606513185151265
20 8 6.2606513185151265
8 21 5.710953187245415
21 8 5.710953187245415
8 22 4.151077477903451
22 8 4.151077477903451
8 23 5.333965476102697
23 8 5.333965476102697
8 24 7.548680638229594
24 8 7.548680638229594
8 25 6.981782417618334
25 8 6.981782417618334
8 26 4.250153315727651
26 8 4.250153315727651
8 27 9.784417958252767
27 8 9.784417958252767
8 28 1.0558947511660421
28 8 1.0558947511660421
8 29 6.854537303932961
29 8 6.854537303932961
8 30 3.955787035525251
30 8 3.955787035525251
8 31 5.128747526368288
31 8 5.128747526368288
8 32 3.5078198201788147
32 8 3.5078198201788147
8 33 5.084711178219946
33 8 5.084711178219946
8 34 7.723597858055923
34 8 7.723597858055923
8 35 2.239736907451324
35 8 2.239736907451324
8 36 6.027246554087994
36 8 6.027246554087994
8 37 0.19450929856142718
37 8 0.19450929856142718
8 38 9.449119729767943
38 8 9.449119729767943
8 39 5.358891256907854
39 8 5.358891256907854
8 40 6.9752701845251055
40 8 6.9752701845251055
8 41 7.723142673225707
41 8 7.723142673225707
8 42 1.3763907716043455
42 8 1.3763907716043455
8 43 0.36161662786839077
43 8 0.36161662786839077
8 44 0.5206444382199593
44 8 0.5206444382199593
8 45 4.427373655330394
45 8 4.427373655330394
8 46 0.4244589813274302
46 8 0.4244589813274302
8 47 1.7718699009260774
47 8 1.7718699009260774
8 48 2.56128579433333
48 8 2.56128579433333
8 49 5.966794769791427
49 8 5.966794769791427
9 10 1.3339671294802746
10 9 1.3339671294802746
9 11 5.284404177159861
11 9 5.284404177159861
9 12 4.381536942221063
12 9 4.381536942221063
9 13 0.3837211371724114
13 9 0.3837211371724114
9 14 2.4519910085114995
14 9 2.4519910085114995
9 15 1.2343648939328167
15 9 1.2343648939328167
9 16 1.0010572950108776
16 9 1.0010572950108776
9 17 4.775457494013294
17 9 4.775457494013294
9 18 9.20182455841316
18 9 9.20182455841316
9 19 8.448135980606992
19 9 8.448135980606992
9 20 5.555982874859481
20 9 5.555982874859481
9 21 7.957101323262537
21 9 7.957101323262537
9 22 2.325416956218641
22 9 2.325416956218641
9 23 7.215977328835032
23 9 7.215977328835032
9 24 3.250254041098785
24 9 3.250254041098785
9 25 7.6259255565663855
25 9 7.6259255565663855
9 26 2.8396884022713085
26 9 2.8396884022713085
9 27 4.74613053715014
27 9 4.74613053715014
9 28 8.424781655346726
28 9 8.424781655346726
9 29 6.563780623949044
29 9 6.563780623949044
9 30 3.31396026452882
30 9 3.31396026452882
9 31 6.391717034561605
31 9 6.391717034561605
9 32 6.114384738053192
32 9 6.114384738053192
9 33 8.751845295211286
33 9 8.751845295211286
9 34 5.554254550112221
34 9 5.554254550112221
9 35 1.1858871528918236
35 9 1.1858871528918236
9 36 5.097200519047618
36 9 5.097200519047618
9 37 2.9224435495536296
37 9 2.9224435495536296
9 38 8.0712355889259
38 9 8.0712355889259
9 39 0.777325536613549
39 9 0.777325536613549
9 40 2.8885305896392
40 9 2.8885305896392
9 41 8.035538970144142
41 9 8.035538970144142
9 42 2.8120745457791485
42 9 2.8120745457791485
9 43 6.727351672953801
43 9 6.727351672953801
9 44 4.390856397610597
44 9 4.390856397610597
9 45 2.4429059245900175
45 9 2.4429059245900175
9 46 9.552541598110833
46 9 9.552541598110833
9 47 2.311501563148836
47 9 2.311501563148836
9 48 4.984017793810698
48 9 4.984017793810698
9 49 6.090870130476523
49 9 6.090870130476523
10 11 8.074143759007487
11 10 8.074143759007487
10 12 1.4626140941277788
12 10 1.4626140941277788
10 13 5.724319707547418
13 10 5.724319707547418
10 14 3.0128981963782877
14 10 3.0128981963782877
10 15 2.7921359893040956
15 10 2.7921359893040956
10 16 9.299085578511766
16 10 9.299085578511766
10 17 3.0185923929007474
17 10 3.0185923929007474
10 18 9.576210678140487
18 10 9.576210678140487
10 19 1.853758501652325
19 10 1.853758501652325
10 20 5.801098358652206
20 10 5.801098358652206
10 21 7.648999569940363
21 10 7.648999569940363
10 22 2.4719814946335505
22 10 2.4719814946335505
10 23 2.8920619760363686
23 10 2.8920619760363686
10 24 6.629270294182582
24 10 6.629270294182582
10 25 8.346655901840014
25 10 8.346655901840014
10 26 9.27657357102261
26 10 9.27657357102261
10 27 0.5991996652511211
27 10 0.5991996652511211
10 28 2.8243085410024884
28 10 2.8243085410024884
10 29 3.2468730014402833
29 10 3.2468730014402833
10 30 3.5616618180694912
30 10 3.5616618180694912
10 31 7.074082874692481
31 10 7.074082874692481
10 32 4.182898332923001
32 10 4.182898332923001
10 33 8.506130159151668
33 10 8.506130159151668
10 34 5.993971568104937
34 10 5.993971568104937
10 35 4.502809136061869
35 10 4.502809136061869
10 36 9.474192249567734
36 10 9.474192249567734
10 37 7.120622442110981
37 10 7.120622442110981
10 38 2.640761800845728
38 10 2.640761800845728
10 39 1.146289946988256
39 10 1.146289946988256
10 40 0.3429081101347198
40 10 0.3429081101347198
10 41 2.5585078127834917
41 10 2.5585078127834917
10 42 1.7850685661198407
42 10 1.7850685661198407
10 43 5.838020363586817
43 10 5.838020363586817
10 44 4.739186274665234
44 10 4.739186274665234
10 45 1.2027427446729044
45 10 1.2027427446729044
10 46 0.9551141683008202
46 10 0.9551141683008202
10 47 3.235946308627157
47 10 3.235946308627157
10 48 0.021992908002665956
48 10 0.021992908002665956
10 49 4.798655320903679
49 10 4.798655320903679
11 12 6.585181173781959
12 11 6.585181173781959
11 13 1.9259055389259794
13 11 1.9259055389259794
11 14 5.502003442120626
14 11 5.502003442120626
11 15 9.110179532010115
15 11 9.110179532010115
11 16 9.75063834645663
16 11 9.75063834645663
11 17 0.14012781448546008
17 11 0.14012781448546008
11 18 9.12153308885294
18 11 9.12153308885294
11 19 7.810928828528798
19 11 7.810928828528798
11 20 2.7576965515635
20 11 2.7576965515635
11 21 9.332801429522801
21 11 9.332801429522801
11 22 3.213227268486879
22 11 3.213227268486879
11 23 1.2710639963011805
23 11 1.2710639963011805
11 24 3.018865154299728
24 11 3.018865154299728
11 25 4.145724550136704
25 11 4.145724550136704
11 26 9.83586649780306
26 11 9.83586649780306
11 27 8.348166894383947
27 11 8.348166894383947
11 28 2.607967515837383
28 11 2.607967515837383
11 29 8.400577295221659
29 11 8.400577295221659
11 30 7.054772557566192
30 11 7.054772557566192
11 31 5.550103289923136
31 11 5.550103289923136
11 32 4.163967541552676
32 11 4.163967541552676
11 33 0.6703657027092957
33 11 0.6703657027092957
11 34 3.715957075640243
34 11 3.715957075640243
11 35 2.0101202053461686
35 11 2.0101202053461686
11 36 6.400746986546788
36 11 6.400746986546788
11 37 9.711106261647304
37 11 9.711106261647304
11 38 1.757278161778888
38 11 1.757278161778888
11 39 0.5991909109369409
39 11 0.5991909109369409
11 40 5.380365355678927
40 11 5.380365355678927
11 41 9.575829131208032
41 11 9.575829131208032
11 42 1.9065268065111252
42 11 1.9065268065111252
11 43 5.197883966504692
43 11 5.197883966504692
11 44 0.9202262789984517
44 11 0.9202262789984517
11 45 6.586504544401435
45 11 6.586504544401435
11 46 0.7354928047582399
46 11 0.7354928047582399
11 47 1.6598006291460865
47 11 1.6598006291460865
11 48 1.0299617283051343
48 11 1.0299617283051343
11 49 5.505499079845677
49 11 5.505499079845677
12 13 4.470710201794821
13 12 4.470710201794821
12 14 5.3208916885787545
14 12 5.3208916885787545
12 15 1.111737903327985
15 12 1.111737903327985
12 16 0.22669818645294937
16 12 0.22669818645294937
12 17 7.7057156438611365
17 12 7.7057156438611365
12 18 1.0437233636478083
18 12 1.0437233636478083
12 19 8.8080776491943
19 12 8.8080776491943
12 20 5.097433876055994
20 12 5.097433876055994
12 21 3.21629786035302
21 12 3.21629786035302
12 22 2.7330379233717195
22 12 2.7330379233717195
12 23 9.844184615519714
23 12 9.844184615519714
12 24 6.585882521780925
24 12 6.585882521780925
12 25 2.4493562687696335
25 12 2.4493562687696335
12 26 8.018712271502093
26 12 8.018712271502093
12 27 4.98714313751742
27 12 4.98714313751742
12 28 1.424607280251785
28 12 1.424607280251785
12 29 4.937627039930312
29 12 4.937627039930312
12 30 0.3744860612990186
30 12 0.3744860612990186
12 31 3.332261269487995
31 12 3.332261269487995
12 32 6.589435890292035
32 12 6.589435890292035
12 33 8.886674250251371
33 12 8.886674250251371
12 34 5.325597619106296
34 12 5.325597619106296
12 35 2.52721254713254
35 12 2.52721254713254
12 36 8.513884658447097
36 12 8.513884658447097
12 37 4.487186897485551
37 12 4.487186897485551
12 38 9.595729561232533
38 12 9.595729561232533
12 39 2.257526073201901
39 12 2.257526073201901
12 40 3.7928482722172854
40 12 3.7928482722172854
12 41 6.12476256272486
41 12 6.12476256272486
12 42 2.053433641162524
42 12 2.053433641162524
12 43 3.3423602549505027
43 12 3.3423602549505027
12 44 1.295296378208427
44 12 1.295296378208427
12 45 9.59099551366355
45 12 9.59099551366355
12 46 3.1404662284717952
46 12 3.1404662284717952
12 47 1.1273896610053713
47 12 1.1273896610053713
12 48 6.084230911863947
48 12 6.084230911863947
12 49 5.643835814261515
49 12 5.643835814261515
13 14 5.0992396293778475
14 13 5.0992396293778475
13 15 8.512025684706598
15 13 8.512025684706598
13 16 8.833173100826983
16 13 8.833173100826983
13 17 1.8218153906124857
17 13 1.8218153906124857
13 18 8.763846982044672
18 13 8.763846982044672
13 19 0.9110791066553636
19 13 0.9110791066553636
13 20 0.5319675244217503
20 13 0.5319675244217503
13 21 0.285888725257496
21 13 0.285888725257496
13 22 3.938899318429651
22 13 3.938899318429651
13 23 2.726365330827746
23 13 2.726365330827746
13 24 1.19070276247361
24 13 1.19070276247361
13 25 0.6442684871639737
25 13 0.6442684871639737
13 26 9.462665209153059
26 13 9.462665209153059
13 27 2.49164476768947
27 13 2.49164476768947
13 28 2.979067418752167
28 13 2.979067418752167
13 29 3.209781840599523
29 13 3.209781840599523
13 30 5.935779395725872
30 13 5.935779395725872
13 31 1.7546772329415072
31 13 1.7546772329415072
13 32 2.779472501618131
32 13 2.779472501618131
13 33 9.945911296599323
33 13 9.945911296599323
13 34 8.794045838286209
34 13 8.794045838286209
13 35 0.9730670111397122
35 13 0.9730670111397122
13 36 6.485788356923026
36 13 6.485788356923026
13 37 7.476823865365468
37 13 7.476823865365468
13 38 1.913629935893728
38 13 1.913629935893728
13 39 4.225957130338496
39 13 4.225957130338496
13 40 7.545560466375339
40 13 7.545560466375339
13 41 8.968337215000844
41 13 8.968337215000844
13 42 2.259198068148912
42 13 2.259198068148912
13 43 3.3815298916401195
43 13 3.3815298916401195
13 44 5.222085087574721
44 13 5.222085087574721
13 45 9.430907087343218
45 13 9.430907087343218
13 46 4.220330045218287
46 13 4.220330045218287
13 47 1.5106545036493069
47 13 1.5106545036493069
13 48 3.8437351711239085
48 13 3.8437351711239085
13 49 2.0523635016619988
49 13 2.0523635016619988
14 15 8.228794236688383
15 14 8.228794236688383
14 16 4.799921141624798
16 14 4.799921141624798
14 17 2.9114530875138245
17 14 2.9114530875138245
14 18 1.537263413763481
18 14 1.537263413763481
14 19 2.00904099542384
19 14 2.00904099542384
14 20 1.992683039181753
20 14 1.992683039181753
14 21 9.35133053981015
21 14 9.35133053981015
14 22 4.111368663945036
22 14 4.111368663945036
14 23 4.386536904721901
23 14 4.386536904721901
14 24 0.4746235330073334
24 14 0.4746235330073334
14 25 7.427723374114525
25 14 7.427723374114525
14 26 2.8438980070706554
26 14 2.8438980070706554
14 27 0.9633273753046057
27 14 0.9633273753046057
14 28 8.520756777917573
28 14 8.520756777917573
14 29 8.873353634730593
29 14 8.873353634730593
14 30 1.2468412188443367
30 14 1.2468412188443367
14 31 8.167477458013002
31 14 8.167477458013002
14 32 3.9336568955324025
32 14 3.9336568955324025
14 33 5.64637561324374
33 14 5.64637561324374
14 34 7.729768866691311
34 14 7.729768866691311
14 35 7.192813829509948
35 14 7.192813829509948
14 36 0.3281061120853712
36 14 0.3281061120853712
14 37 0.3903928356763464
37 14 0.3903928356763464
14 38 8.420203651987352
38 14 8.420203651987352
14 39 2.167647631745926
39 14 2.167647631745926
14 40 3.6552368197659457
40 14 3.6552368197659457
14 41 5.151929930144474
41 14 5.151929930144474
14 42 6.103770608223119
42 14 6.103770608223119
14 43 7.5259326230784165
43 14 7.5259326230784165
14 44 3.209642730640586
44 14 3.209642730640586
14 45 7.200883542738956
45 14 7.200883542738956
14 46 8.594972451825596
46 14 8.594972451825596
14 47 8.001567335751979
47 14 8.001567335751979
14 48 3.3258105965134743
48 14 3.3258105965134743
14 49 1.9029799541275105
49 14 1.9029799541275105
15 16 0.7185871362192497
16 15 0.7185871362192497
15 17 0.9263310166361083
17 15 0.9263310166361083
15 18 4.245632817469847
18 15 4.245632817469847
15 19 6.509299987224605
19 15 6.509299987224605
15 20 0.2633184122765575
20 15 0.2633184122765575
15 21 4.584190407954926
21 15 4.584190407954926
15 22 3.226632471825124
22 15 3.226632471825124
15 23 5.456430410232423
23 15 5.456430410232423
15 24 9.76347421870592
24 15 9.76347421870592
15 25 8.259497937684591
25 15 8.259497937684591
15 26 9.860940376587342
26 15 9.860940376587342
15 27 7.311829404412541
27 15 7.311829404412541
15 28 2.7710877090399877
28 15 2.7710877090399877
15 29 9.31385249395291
29 15 9.31385249395291
15 30 2.7879415260918714
30 15 2.7879415260918714
15 31 5.852501118155759
31 15 5.852501118155759
15 32 5.400035393009413
32 15 5.400035393009413
15 33 0.13617185484232075
33 15 0.13617185484232075
15 34 8.50890557607602
34 15 8.50890557607602
15 35 2.9310955879826084
35 15 2.9310955879826084
15 36 1.3553487624132943
36 15 1.3553487624132943
15 37 3.1327809665705084
37 15 3.1327809665705084
15 38 6.849805821013447
38 15 6.849805821013447
15 39 8.762060339078339
39 15 8.762060339078339
15 40 1.40505481873345
40 15 1.40505481873345
15 41 5.059094630377033
41 15 5.059094630377033
15 42 1.768919016465742
42 15 1.768919016465742
15 43 6.05149277371356
43 15 6.05149277371356
15 44 6.308524721277231
44 15 6.308524721277231
15 45 2.9417322008855065
45 15 2.9417322008855065
15 46 0.668692770181083
46 15 0.668692770181083
15 47 7.997849405195316
47 15 7.997849405195316
15 48 5.584445813597451
48 15 5.584445813597451
15 49 2.599671842282709
49 15 2.599671842282709
16 17 0.1467548036444699
17 16 0.1467548036444699
16 18 6.60669202939964
18 16 6.60669202939964
16 19 3.183176506570824
19 16 3.183176506570824
16 20 7.345315895046555
20 16 7.345315895046555
16 21 1.208830196619507
21 16 1.208830196619507
16 22 6.991161051040358
22 16 6.991161051040358
16 23 5.122382785795917
23 16 5.122382785795917
16 24 8.831102935628278
24 16 8.831102935628278
16 25 2.3667247476049145
25 16 2.3667247476049145
16 26 5.370882961232258
26 16 5.370882961232258
16 27 3.4514964724441324
27 16 3.4514964724441324
16 28 4.204571975903747
28 16 4.204571975903747
16 29 4.7574192996300155
29 16 4.7574192996300155
16 30 3.3355359891107197
30 16 3.3355359891107197
16 31 5.52967388297914
31 16 5.52967388297914
16 32 3.7445441531232904
32 16 3.7445441531232904
16 33 9.444716045582064
33 16 9.444716045582064
16 34 8.605313435134905
34 16 8.605313435134905
16 35 7.533577846925196
35 16 7.533577846925196
16 36 0.9733595562508379
36 16 0.9733595562508379
16 37 3.402763174715168
37 16 3.402763174715168
16 38 2.999036498100133
38 16 2.999036498100133
16 39 6.35544184799806
39 16 6.35544184799806
16 40 2.874865145936073
40 16 2.874865145936073
16 41 7.33117693155244
41 16 7.33117693155244
16 42 1.6116898997806783
42 16 1.6116898997806783
16 43 4.60852068084204
43 16 4.60852068084204
16 44 1.2951226631372748
44 16 1.2951226631372748
16 45 5.41437352453726
45 16 5.41437352453726
16 46 3.30666283284498
46 16 3.30666283284498
16 47 9.32617002898445
47 16 9.32617002898445
16 48 7.862564077354795
48 16 7.862564077354795
16 49 4.413108254807904
49 16 4.413108254807904
17 18 1.5439997431819008
18 17 1.5439997431819008
17 19 6.122435965063195
19 17 6.122435965063195
17 20 3.8365942157055546
20 17 3.8365942157055546
17 21 7.0641157029182295
21 17 7.0641157029182295
17 22 6.294473682982243
22 17 6.294473682982243
17 23 7.0761818534731
23 17 7.0761818534731
17 24 3.178400853728245
24 17 3.178400853728245
17 25 2.664129418382588
25 17 2.664129418382588
17 26 2.3303199832147214
26 17 2.3303199832147214
17 27 2.407413636686603
27 17 2.407413636686603
17 28 1.8350009603552708
28 17 1.8350009603552708
17 29 5.927457635559584
29 17 5.927457635559584
17 30 6.53697268962863
30 17 6.53697268962863
17 31 3.1336116827126714
31 17 3.1336116827126714
17 32 8.737314859898632
32 17 8.737314859898632
17 33 3.731674926412256
33 17 3.731674926412256
17 34 7.0561732024275265
34 17 7.0561732024275265
17 35 4.325513526537157
35 17 4.325513526537157
17 36 4.335331661253264
36 17 4.335331661253264
17 37 8.203883728065485
37 17 8.203883728065485
17 38 0.049325003794160605
38 17 0.049325003794160605
17 39 6.325932450145459
39 17 6.325932450145459
17 40 0.6281849709181264
40 17 0.6281849709181264
17 41 3.7503910887917336
41 17 3.7503910887917336
17 42 5.6609940589206165
42 17 5.6609940589206165
17 43 4.351844000027284
43 17 4.351844000027284
17 44 2.594232520589922
44 17 2.594232520589922
17 45 5.095535505151472
45 17 5.095535505151472
17 46 3.365963884182862
46 17 3.365963884182862
17 47 5.269100607905941
47 17 5.269100607905941
17 48 4.685997695720779
48 17 4.685997695720779
17 49 3.170787418576184
49 17 3.170787418576184
18 19 8.299268699256233
19 18 8.299268699256233
18 20 4.010789951444008
20 18 4.010789951444008
18 21 7.6270886248281835
21 18 7.6270886248281835
18 22 5.783142997348402
22 18 5.783142997348402
18 23 4.397153180739019
23 18 4.397153180739019
18 24 1.1043814756383596
24 18 1.1043814756383596
18 25 0.13298711050019008
25 18 0.13298711050019008
18 26 0.3922126430209083
26 18 0.3922126430209083
18 27 7.217908840564515
27 18 7.217908840564515
18 28 7.0794516999672465
28 18 7.0794516999672465
18 29 7.374858893118149
29 18 7.374858893118149
18 30 7.03830824655504
30 18 7.03830824655504
18 31 9.165065627085797
31 18 9.165065627085797
18 32 9.146919464290942
32 18 9.146919464290942
18 33 3.0153028262156187
33 18 3.0153028262156187
18 34 0.48921172635058463
34 18 0.48921172635058463
18 35 2.5014248594611965
35 18 2.5014248594611965
18 36 0.47236039629050985
36 18 0.47236039629050985
18 37 4.467223100606441
37 18 4.467223100606441
18 38 2.011205021254696
38 18 2.011205021254696
18 39 1.0209392864418265
39 18 1.0209392864418265
18 40 2.6101124693908817
40 18 2.6101124693908817
18 41 1.661776278993643
41 18 1.661776278993643
18 42 2.8203322605306944
42 18 2.8203322605306944
18 43 9.53645868636716
43 18 9.53645868636716
18 44 7.221527539341038
44 18 7.221527539341038
18 45 8.058605100051967
45 18 8.058605100051967
18 46 3.2327532070229124
46 18 3.2327532070229124
18 47 1.4448778111096128
47 18 1.4448778111096128
18 48 4.06985438491708
48 18 4.06985438491708
18 49 8.891343152469965
49 18 8.891343152469965
19 20 3.808436547626266
20 19 3.808436547626266
19 21 8.547238682177303
21 19 8.547238682177303
19 22 8.465896670662111
22 19 8.465896670662111
19 23 5.7136347632849125
23 19 5.7136347632849125
19 24 7.370337104042198
24 19 7.370337104042198
19 25 4.029851868232361
25 19 4.029851868232361
19 26 2.8327089810824466
26 19 2.8327089810824466
19 27 8.195684546740456
27 19 8.195684546740456
19 28 3.6815869104567964
28 19 3.6815869104567964
19 29 9.05352184072295
29 19 9.05352184072295
19 30 3.864255218483643
30 19 3.864255218483643
19 31 3.818610903275502
31 19 3.818610903275502
19 32 1.7761230425127805
32 19 1.7761230425127805
19 33 5.751471191709196
33 19 5.751471191709196
19 34 8.872076787462804
34 19 8.872076787462804
19 35 3.623651781017636
35 19 3.623651781017636
19 36 8.463564652951819
36 19 8.463564652951819
19 37 4.6025822902256595
37 19 4.6025822902256595
19 38 2.345671504305724
38 19 2.345671504305724
19 39 7.495527027797073
39 19 7.495527027797073
19 40 5.367043685030213
40 19 5.367043685030213
19 41 2.125080664157626
41 19 2.125080664157626
19 42 6.496417256208698
42 19 6.496417256208698
19 43 5.5940352839932705
43 19 5.5940352839932705
19 44 1.0030837249108604
44 19 1.0030837249108604
19 45 5.626809574541486
45 19 5.626809574541486
19 46 7.611518087770868
46 19 7.611518087770868
19 47 3.495224197106767
47 19 3.495224197106767
19 48 8.875509418707818
48 19 8.875509418707818
19 49 5.351752347504865
49 19 5.351752347504865
20 21 3.4135898584339195
21 20 3.4135898584339195
20 22 7.363240447346529
22 20 7.363240447346529
20 23 7.330765994577364
23 20 7.330765994577364
20 24 0.7784824674218749
24 20 0.7784824674218749
20 25 5.303145196050959
25 20 5.303145196050959
20 26 2.0462314210180943
26 20 2.0462314210180943
20 27 2.0099102573070713
27 20 2.0099102573070713
20 28 7.054730069846481
28 20 7.054730069846481
20 29 3.3553746748835342
29 20 3.3553746748835342
20 30 9.374434100148058
30 20 9.374434100148058
20 31 7.13293478788779
31 20 7.13293478788779
20 32 9.593275318585167
32 20 9.593275318585167
20 33 1.2492656370420507
33 20 1.2492656370420507
20 34 6.135857197236398
34 20 6.135857197236398
20 35 7.5639690286829655
35 20 7.5639690286829655
20 36 9.707889173928251
36 20 9.707889173928251
20 37 2.926237102550658
37 20 2.926237102550658
20 38 1.2147217228845908
38 20 1.2147217228845908
20 39 9.63129486440415
39 20 9.63129486440415
20 40 1.8340632063655116
40 20 1.8340632063655116
20 41 2.70711397401754
41 20 2.70711397401754
20 42 9.20009523403468
42 20 9.20009523403468
20 43 5.014010683417736
43 20 5.014010683417736
20 44 3.3577782421851277
44 20 3.3577782421851277
20 45 5.8403983559318835
45 20 5.8403983559318835
20 46 3.4069209214995744
46 20 3.4069209214995744
20 47 8.657555861320223
47 20 8.657555861320223
20 48 1.3665883346569874
48 20 1.3665883346569874
20 49 7.011443670712842
49 20 7.011443670712842
21 22 4.69890475539117
22 21 4.69890475539117
21 23 8.643210064571935
23 21 8.643210064571935
21 24 6.740799666746112
24 21 6.740799666746112
21 25 0.2112725847945085
25 21 0.2112725847945085
21 26 3.762491801715088
26 21 3.762491801715088
21 27 3.2120675990671357
27 21 3.2120675990671357
21 28 4.9185483609843095
28 21 4.9185483609843095
21 29 4.545421631730849
29 21 4.545421631730849
21 30 3.553430890357707
30 21 3.553430890357707
21 31 7.731876492421138
31 21 7.731876492421138
21 32 4.397096102856366
32 21 4.397096102856366
21 33 7.057337428046058
33 21 7.057337428046058
21 34 5.522186113246067
34 21 5.522186113246067
21 35 2.2955242054027494
35 21 2.2955242054027494
21 36 8.57367006199339
36 21 8.57367006199339
21 37 5.447487647037378
37 21 5.447487647037378
21 38 7.921725172251254
38 21 7.921725172251254
21 39 8.852844433147155
39 21 8.852844433147155
21 40 3.882703175898251
40 21 3.882703175898251
21 41 0.6884945787483165
41 21 0.6884945787483165
21 42 7.010979007921724
42 21 7.010979007921724
21 43 5.302803886888587
43 21 5.302803886888587
21 44 7.352330736826658
44 21 7.352330736826658
21 45 1.9682340676165622
45 21 1.9682340676165622
21 46 2.289528743711211
46 21 2.289528743711211
21 47 2.811027487765021
47 21 2.811027487765021
21 48 9.681530190550372
48 21 9.681530190550372
21 49 4.136988148441855
49 21 4.136988148441855
22 23 5.033846994958736
23 22 5.033846994958736
22 24 1.7680028692607008
24 22 1.7680028692607008
22 25 5.730291276217047
25 22 5.730291276217047
22 26 0.8913773188747343
26 22 0.8913773188747343
22 27 5.352683583127061
27 22 5.352683583127061
22 28 1.266199680342368
28 22 1.266199680342368
22 29 2.9187345021785704
29 22 2.9187345021785704
22 30 5.296940907596127
30 22 5.296940907596127
22 31 6.738950796500481
31 22 6.738950796500481
22 32 6.74973055911561
32 22 6.74973055911561
22 33 9.447099795992704
33 22 9.447099795992704
22 34 2.9328744181943787
34 22 2.9328744181943787
22 35 8.667730399671287
35 22 8.667730399671287
22 36 0.5780676147859676
36 22 0.5780676147859676
22 37 8.477047797225044
37 22 8.477047797225044
22 38 1.9365703043924676
38 22 1.9365703043924676
22 39 7.174789890416547
39 22 7.174789890416547
22 40 0.645724224900297
40 22 0.645724224900297
22 41 1.4557329665759589
41 22 1.4557329665759589
22 42 8.532254687616383
42 22 8.532254687616383
22 43 0.5472585869479174
43 22 0.5472585869479174
22 44 2.9126948715488443
44 22 2.9126948715488443
22 45 3.6176203152185815
45 22 3.6176203152185815
22 46 6.247148287462766
46 22 6.247148287462766
22 47 2.2678872199593805
47 22 2.2678872199593805
22 48 4.725847790935803
48 22 4.725847790935803
22 49 7.365033862662781
49 22 7.365033862662781
23 24 1.9502233298250382
24 23 1.9502233298250382
23 25 6.176568000078727
25 23 6.176568000078727
23 26 7.1493409469340365
26 23 7.1493409469340365
23 27 4.7069440158868945
27 23 4.7069440158868945
23 28 2.092766909296968
28 23 2.092766909296968
23 29 9.447571378812919
29 23 9.447571378812919
23 30 6.1725377363291685
30 23 6.1725377363291685
23 31 8.226510111905053
31 23 8.226510111905053
23 32 8.08660400367599
32 23 8.08660400367599
23 33 7.428209659870969
33 23 7.428209659870969
23 34 4.626778267016803
34 23 4.626778267016803
23 35 1.1514170732095486
35 23 1.1514170732095486
23 36 0.624971724285418
36 23 0.624971724285418
23 37 0.6444134845314076
37 23 0.6444134845314076
23 38 8.917757041718788
38 23 8.917757041718788
23 39 1.017055413612794
39 23 1.017055413612794
23 40 8.932679377121586
40 23 8.932679377121586
23 41 8.350962094150635
41 23 8.350962094150635
23 42 7.268149951390348
42 23 7.268149951390348
23 43 8.141112562537643
43 23 8.141112562537643
23 44 2.4263263737194904
44 23 2.4263263737194904
23 45 4.888884931316138
45 23 4.888884931316138
23 46 9.06552039922533
46 23 9.06552039922533
23 47 9.669156641676707
47 23 9.669156641676707
23 48 9.071994484093779
48 23 9.071994484093779
23 49 4.809809302318038
49 23 4.809809302318038
24 25 8.12342820797239
25 24 8.12342820797239
24 26 2.304313350089675
26 24 2.304313350089675
24 27 6.846969254129455
27 24 6.846969254129455
24 28 0.23679748195923667
28 24 0.23679748195923667
24 29 6.189053342186823
29 24 6.189053342186823
24 30 2.0001472930482667
30 24 2.0001472930482667
24 31 2.143683874855866
31 24 2.143683874855866
24 32 9.253484280272872
32 24 9.253484280272872
24 33 6.8685390888156945
33 24 6.8685390888156945
24 34 6.87437731754847
34 24 6.87437731754847
24 35 1.6982270768933205
35 24 1.6982270768933205
24 36 7.248087792082937
36 24 7.248087792082937
24 37 4.291647988509442
37 24 4.291647988509442
24 38 0.3920735937969866
38 24 0.3920735937969866
24 39 2.682385821761264
39 24 2.682385821761264
24 40 4.086135225574649
40 24 4.086135225574649
24 41 5.300215350805035
41 24 5.300215350805035
24 42 5.470492770400232
42 24 5.470492770400232
24 43 8.967345991978204
43 24 8.967345991978204
24 44 8.745508646067302
44 24 8.745508646067302
24 45 8.72027753267193
45 24 8.72027753267193
24 46 6.573731565390518
46 24 6.573731565390518
24 47 0.24880628356410917
47 24 0.24880628356410917
24 48 9.619682904839829
48 24 9.619682904839829
24 49 0.3656377122598675
49 24 0.3656377122598675
25 26 6.093888386258008
26 25 6.093888386258008
25 27 4.717403966160852
27 25 4.717403966160852
25 28 3.0797917545096887
28 25 3.0797917545096887
25 29 7.821031062628099
29 25 7.821031062628099
25 30 3.3564402456301448
30 25 3.3564402456301448
25 31 5.264994921644465
31 25 5.264994921644465
25 32 5.083427420828624
32 25 5.083427420828624
25 33 4.76592975109808
33 25 4.76592975109808
25 34 9.441060457537063
34 25 9.441060457537063
25 35 3.836464716059856
35 25 3.836464716059856
25 36 0.6278396987431023
36 25 0.6278396987431023
25 37 0.625433593360184
37 25 0.625433593360184
25 38 8.675112719648538
38 25 8.675112719648538
25 39 8.468394157659343
39 25 8.468394157659343
25 40 3.6674692104383046
40 25 3.6674692104383046
25 41 7.672567555143935
41 25 7.672567555143935
25 42 8.135578580974784
42 25 8.135578580974784
25 43 2.8000391960061712
43 25 2.8000391960061712
25 44 5.750515821064479
44 25 5.750515821064479
25 45 4.356711477717175
45 25 4.356711477717175
25 46 9.786187100664346
46 25 9.786187100664346
25 47 8.398727216766828
47 25 8.398727216766828
25 48 5.07650586381728
48 25 5.07650586381728
25 49 0.5957669115440123
49 25 0.5957669115440123
26 27 5.980032324845218
27 26 5.980032324845218
26 28 6.110914270532203
28 26 6.110914270532203
26 29 8.936589720705843
29 26 8.936589720705843
26 30 8.04506652166896
30 26 8.04506652166896
26 31 7.973980829534003
31 26 7.973980829534003
26 32 3.8317838362545267
32 26 3.8317838362545267
26 33 1.5705672861367503
33 26 1.5705672861367503
26 34 5.943911157530986
34 26 5.943911157530986
26 35 8.829683975168564
35 26 8.829683975168564
26 36 4.580412708860954
36 26 4.580412708860954
26 37 6.359401864287139
37 26 6.359401864287139
26 38 1.0410224663833023
38 26 1.0410224663833023
26 39 6.617030656312747
39 26 6.617030656312747
26 40 0.574168764155768
40 26 0.574168764155768
26 41 5.969251909821322
41 26 5.969251909821322
26 42 8.313079722784254
42 26 8.313079722784254
26 43 1.189385793946387
43 26 1.189385793946387
26 44 6.115144801727728
44 26 6.115144801727728
26 45 6.5728123468585045
45 26 6.5728123468585045
26 46 7.715903811495211
46 26 7.715903811495211
26 47 7.965979363185224
47 26 7.965979363185224
26 48 4.533074782422819
48 26 4.533074782422819
26 49 2.596026404269589
49 26 2.596026404269589
27 28 1.0457441364117526
28 27 1.0457441364117526
27 29 5.135327114240317
29 27 5.135327114240317
27 30 2.173318047595878
30 27 2.173318047595878
27 31 6.572992022358531
31 27 6.572992022358531
27 32 2.1385114615395926
32 27 2.1385114615395926
27 33 6.484573454622869
33 27 6.484573454622869
27 34 5.475141430432819
34 27 5.475141430432819
27 35 4.6391515163602275
35 27 4.6391515163602275
27 36 3.0976902622032187
36 27 3.0976902622032187
27 37 0.6631735049210752
37 27 0.6631735049210752
27 38 5.554662600895877
38 27 5.554662600895877
27 39 1.9526233492762823
39 27 1.9526233492762823
27 40 9.017058522678006
40 27 9.017058522678006
27 41 9.105333991715494
41 27 9.105333991715494
27 42 8.38846555923826
42 27 8.38846555923826
27 43 3.9057956692107765
43 27 3.9057956692107765
27 44 3.7522298843948176
44 27 3.7522298843948176
27 45 9.064160126155963
45 27 9.064160126155963
27 46 7.688038705831791
46 27 7.688038705831791
27 47 8.374069095837804
47 27 8.374069095837804
27 48 9.695424547708527
48 27 9.695424547708527
27 49 5.2514624868542725
49 27 5.2514624868542725
28 29 1.8618207945183674
29 28 1.8618207945183674
28 30 1.4459011131530153
30 28 1.4459011131530153
28 31 5.220766591577241
31 28 5.220766591577241
28 32 3.4307002418629318
32 28 3.4307002418629318
28 33 6.080788055215378
33 28 6.080788055215378
28 34 4.088073642801683
34 28 4.088073642801683
28 35 4.4927962503553065
35 28 4.4927962503553065
28 36 1.9765448552774767
36 28 1.9765448552774767
28 37 5.395153603265184
37 28 5.395153603265184
28 38 0.022361499677268082
38 28 0.022361499677268082
28 39 5.668775132179473
39 28 5.668775132179473
28 40 2.8930743629606437
40 28 2.8930743629606437
28 41 5.093887921797069
41 28 5.093887921797069
28 42 5.724559722050181
42 28 5.724559722050181
28 43 5.175753359355867
43 28 5.175753359355867
28 44 2.0736142220690033
44 28 2.0736142220690033
28 45 0.0554156498638525
45 28 0.0554156498638525
28 46 1.904076789896667
46 28 1.904076789896667
28 47 7.706259561689409
47 28 7.706259561689409
28 48 9.68876091313685
48 28 9.68876091313685
28 49 5.7069775266404985
49 28 5.7069775266404985
29 30 2.0820818272876
30 29 2.0820818272876
29 31 3.8518630884885585
31 29 3.8518630884885585
29 32 5.505140125975242
32 29 5.505140125975242
29 33 9.391795442735159
33 29 9.391795442735159
29 34 7.958446677963675
34 29 7.958446677963675
29 35 9.881750323618945
35 29 9.881750323618945
29 36 0.6659691970987025
36 29 0.6659691970987025
29 37 2.4373107981440514
37 29 2.4373107981440514
29 38 3.1424993585498253
38 29 3.1424993585498253
29 39 7.073846139889143
39 29 7.073846139889143
29 40 7.005499032671649
40 29 7.005499032671649
29 41 0.024411713914678224
41 29 0.024411713914678224
29 42 6.519864194158957
42 29 6.519864194158957
29 43 1.2189041687644375
43 29 1.2189041687644375
29 44 7.32294204503245
44 29 7.32294204503245
29 45 8.076705805819937
45 29 8.076705805819937
29 46 4.0374321524470425
46 29 4.0374321524470425
29 47 6.443376897235088
47 29 6.443376897235088
29 48 5.207494667420046
48 29 5.207494667420046
29 49 3.820531905265554
49 29 3.820531905265554
30 31 3.010773126776498
31 30 3.010773126776498
30 32 1.3347704075314326
32 30 1.3347704075314326
30 33 0.9845848154168069
33 30 0.9845848154168069
30 34 9.410548226183945
34 30 9.410548226183945
30 35 6.193060491268066
35 30 6.193060491268066
30 36 9.503579012512981
36 30 9.503579012512981
30 37 1.1444897107647534
37 30 1.1444897107647534
30 38 6.0723763410541585
38 30 6.0723763410541585
30 39 3.7918521941237646
39 30 3.7918521941237646
30 40 1.1787822589739172
40 30 1.1787822589739172
30 41 2.2179865652955257
41 30 2.2179865652955257
30 42 9.58291264286126
42 30 9.58291264286126
30 43 0.37983276440892055
43 30 0.37983276440892055
30 44 7.209280905592806
44 30 7.209280905592806
30 45 6.4797077559595895
45 30 6.4797077559595895
30 46 6.590573472242394
46 30 6.590573472242394
30 47 0.217886551022769
47 30 0.217886551022769
30 48 1.931540144078293
48 30 1.931540144078293
30 49 6.088396999193405
49 30 6.088396999193405
31 32 5.271865371254993
32 31 5.271865371254993
31 33 8.893642353713489
33 31 8.893642353713489
31 34 6.7640914117490025
34 31 6.7640914117490025
31 35 4.314272510697693
35 31 4.314272510697693
31 36 3.127325505627195
36 31 3.127325505627195
31 37 1.3758900826714393
37 31 1.3758900826714393
31 38 2.1024472515642287
38 31 2.1024472515642287
31 39 7.357218076741328
39 31 7.357218076741328
31 40 9.339009853167996
40 31 9.339009853167996
31 41 6.595037437729506
41 31 6.595037437729506
31 42 1.1133601708578789
42 31 1.1133601708578789
31 43 7.925545004481353
43 31 7.925545004481353
31 44 9.043349728675189
44 31 9.043349728675189
31 45 6.48204316807054
45 31 6.48204316807054
31 46 5.365259529866825
46 31 5.365259529866825
31 47 2.2235753058048555
47 31 2.2235753058048555
31 48 2.117339131288473
48 31 2.117339131288473
31 49 3.0330244669038264
49 31 3.0330244669038264
32 33 8.8820833659403
33 32 8.8820833659403
32 34 5.287319600221897
34 32 5.287319600221897
32 35 9.63265536472369
35 32 9.63265536472369
32 36 0.4140042249748821
36 32 0.4140042249748821
32 37 4.1706136373219085
37 32 4.1706136373219085
32 38 5.711031549989683
38 32 5.711031549989683
32 39 7.001453692215145
39 32 7.001453692215145
32 40 0.3800301223073588
40 32 0.3800301223073588
32 41 1.0468194792850505
41 32 1.0468194792850505
32 42 9.7234442652726
42 32 9.7234442652726
32 43 4.019221045878608
43 32 4.019221045878608
32 44 8.35516038912635
44 32 8.35516038912635
32 45 6.674594482678241
45 32 6.674594482678241
32 46 6.301002640371466
46 32 6.301002640371466
32 47 8.504212391682136
47 32 8.504212391682136
32 48 4.40458139232649
48 32 4.40458139232649
32 49 3.1306750032695287
49 32 3.1306750032695287
33 34 9.546425229932419
34 33 9.546425229932419
33 35 2.0396335578442857
35 33 2.0396335578442857
33 36 8.027380184581649
36 33 8.027380184581649
33 37 7.022406260487486
37 33 7.022406260487486
33 38 1.9144432082587137
38 33 1.9144432082587137
33 39 3.443876464292852
39 33 3.443876464292852
33 40 8.208270442556543
40 33 8.208270442556543
33 41 4.210424997630592
41 33 4.210424997630592
33 42 2.03258081807126
42 33 2.03258081807126
33 43 8.02575182642874
43 33 8.02575182642874
33 44 0.4888279499568138
44 33 0.4888279499568138
33 45 1.526207346897025
45 33 1.526207346897025
33 46 3.843357334970523
46 33 3.843357334970523
33 47 8.42580710435988
47 33 8.42580710435988
33 48 0.9535608585960709
48 33 0.9535608585960709
33 49 6.524829398877693
49 33 6.524829398877693
34 35 9.585303758350703
35 34 9.585303758350703
34 36 5.901455682372284
36 34 5.901455682372284
34 37 2.9734057831278884
37 34 2.9734057831278884
34 38 5.776173630948723
38 34 5.776173630948723
34 39 7.733705192152655
39 34 7.733705192152655
34 40 9.282783847223332
40 34 9.282783847223332
34 41 6.309004246657466
41 34 6.309004246657466
34 42 1.9732079619443488
42 34 1.9732079619443488
34 43 8.437997878277997
43 34 8.437997878277997
34 44 2.507547174039063
44 34 2.507547174039063
34 45 9.748383141738781
45 34 9.748383141738781
34 46 0.22385176449580713
46 34 0.22385176449580713
34 47 3.2212593000382492
47 34 3.2212593000382492
34 48 0.6380016299414504
48 34 0.6380016299414504
34 49 7.838424144221763
49 34 7.838424144221763
35 36 4.2933371984617095
36 35 4.2933371984617095
35 37 2.7482500541891786
37 35 2.7482500541891786
35 38 8.568861356916285
38 35 8.568861356916285
35 39 9.466777254352507
39 35 9.466777254352507
35 40 4.276863702091331
40 35 4.276863702091331
35 41 6.321981502670873
41 35 6.321981502670873
35 42 6.254812345115612
42 35 6.254812345115612
35 43 1.060634064984728
43 35 1.060634064984728
35 44 8.207730478116693
44 35 8.207730478116693
35 45 9.434798178498495
45 35 9.434798178498495
35 46 9.217652466815537
46 35 9.217652466815537
35 47 9.991047832358138
47 35 9.991047832358138
35 48 1.444029154860964
48 35 1.444029154860964
35 49 1.1784762991529618
49 35 1.1784762991529618
36 37 3.337270778400275
37 36 3.337270778400275
36 38 4.406248641978859
38 36 4.406248641978859
36 39 9.32736413593784
39 36 9.32736413593784
36 40 1.6088626483267288
40 36 1.6088626483267288
36 41 8.487316354528675
41 36 8.487316354528675
36 42 4.164667374824455
42 36 4.164667374824455
36 43 0.5699615927665413
43 36 0.5699615927665413
36 44 0.26408678705998057
44 36 0.26408678705998057
36 45 6.4455502219193805
45 36 6.4455502219193805
36 46 3.7981534265197094
46 36 3.7981534265197094
36 47 1.10191395572101
47 36 1.10191395572101
36 48 0.9513978900146769
48 36 0.9513978900146769
36 49 4.690513673222382
49 36 4.690513673222382
37 38 2.5081289917907457
38 37 2.5081289917907457
37 39 0.6982080700576188
39 37 0.6982080700576188
37 40 4.646194892053597
40 37 4.646194892053597
37 41 9.190287281610727
41 37 9.190287281610727
37 42 8.08219357345984
42 37 8.08219357345984
37 43 7.605560774618725
43 37 7.605560774618725
37 44 1.8878303060472668
44 37 1.8878303060472668
37 45 6.095753578736769
45 37 6.095753578736769
37 46 1.3159569869934518
46 37 1.3159569869934518
37 47 9.601989774916131
47 37 9.601989774916131
37 48 8.410287594980078
48 37 8.410287594980078
37 49 4.369920798190802
49 37 4.369920798190802
38 39 5.034644064672403
39 38 5.034644064672403
38 40 3.447431143727221
40 38 3.447431143727221
38 41 2.9118442997951846
41 38 2.9118442997951846
38 42 8.816502210554704
42 38 8.816502210554704
38 43 7.13127951781587
43 38 7.13127951781587
38 44 8.521606500039866
44 38 8.521606500039866
38 45 3.84635269313234
45 38 3.84635269313234
38 46 5.715086411418331
46 38 5.715086411418331
38 47 0.17302728918309085
47 38 0.17302728918309085
38 48 4.595734546409842
48 38 4.595734546409842
38 49 2.9097786667801784
49 38 2.9097786667801784
39 40 1.3268789173569162
40 39 1.3268789173569162
39 41 1.074527753895791
41 39 1.074527753895791
39 42 8.147571695430424
42 39 8.147571695430424
39 43 6.499166030479259
43 39 6.499166030479259
39 44 6.904128632610997
44 39 6.904128632610997
39 45 3.0968340008557327
45 39 3.0968340008557327
39 46 6.404658266313431
46 39 6.404658266313431
39 47 2.837194933365099
47 39 2.837194933365099
39 48 2.5180006951334324
48 39 2.5180006951334324
39 49 9.002823608893056
49 39 9.002823608893056
40 41 3.388534669114626
41 40 3.388534669114626
40 42 1.684032913976834
42 40 1.684032913976834
40 43 6.013793668727137
43 40 6.013793668727137
40 44 8.584718165916044
44 40 8.584718165916044
40 45 7.633085206612465
45 40 7.633085206612465
40 46 5.599181943231599
46 40 5.599181943231599
40 47 2.709039366388332
47 40 2.709039366388332
40 48 5.976618455195194
48 40 5.976618455195194
40 49 6.963057118605712
49 40 6.963057118605712
41 42 6.569546023293826
42 41 6.569546023293826
41 43 6.069166874623608
43 41 6.069166874623608
41 44 2.17472000758526
44 41 2.17472000758526
41 45 1.7441928467111711
45 41 1.7441928467111711
41 46 9.48595864507558
46 41 9.48595864507558
41 47 9.527052638960633
47 41 9.527052638960633
41 48 6.010144523534056
48 41 6.010144523534056
41 49 4.354303464559713
49 41 4.354303464559713
42 43 4.4289226055722715
43 42 4.4289226055722715
42 44 4.856913680959095
44 42 4.856913680959095
42 45 2.454087089555952
45 42 2.454087089555952
42 46 9.275002139711212
46 42 9.275002139711212
42 47 3.015335731098835
47 42 3.015335731098835
42 48 3.069652455411198
48 42 3.069652455411198
42 49 0.5822437069716191
49 42 0.5822437069716191
43 44 5.166709859753341
44 43 5.166709859753341
43 45 0.16148274101485782
45 43 0.16148274101485782
43 46 9.665889587987579
46 43 9.665889587987579
43 47 4.785250800319743
47 43 4.785250800319743
43 48 7.56493103510234
48 43 7.56493103510234
43 49 1.5336015814998294
49 43 1.5336015814998294
44 45 7.264572740073944
45 44 7.264572740073944
44 46 1.8841334595711112
46 44 1.8841334595711112
44 47 8.423692015391044
47 44 8.423692015391044
44 48 8.685832588506631
48 44 8.685832588506631
44 49 5.1191818725073555
49 44 5.1191818725073555
45 46 3.6945230881902527
46 45 3.6945230881902527
45 47 6.632423441640355
47 45 6.632423441640355
45 48 8.42639264300145
48 45 8.42639264300145
45 49 6.8401989861457855
49 45 6.8401989861457855
46 47 9.280674583717408
47 46 9.280674583717408
46 48 1.8454578354546725
48 46 1.8454578354546725
46 49 0.3063129814527432
49 46 0.3063129814527432
47 48 4.761643308298077
48 47 4.761643308298077
47 49 3.6500747578387074
49 47 3.6500747578387074
48 49 2.4887088364103804
49 48 2.4887088364103804