10
0 1 6.242580446612776
0 2 6.217410670262737
0 3 6.095714144731872
0 4 3.6224048537634603
0 5 2.280627190463813
0 6 9.692656574167502
0 7 4.80557986434623
0 8 8.952647890865862
0 9 8.922967995363734
1 2 9.918830486131611
1 3 2.006389454746773
1 4 3.0117817136208447
1 5 4.811508494939964
1 6 4.72380198897291
1 7 4.437021685033349
1 8 0.9964845553326263
1 9 7.791023465665629
2 3 0.9232146192575341
2 4 1.9367687689382496
2 5 2.4842528925077714
2 6 7.209387487740915
2 7 6.30675829132317
2 8 7.736904575007749
2 9 0.3348483370589228
3 4 3.146599696313348
3 5 6.867828938657915
3 6 2.3791982653391477
3 7 5.406572781902458
3 8 2.1627568133237327
3 9 7.023462894519431
4 5 6.715783826431214
4 6 3.081328836089432
4 7 3.4617596554299137
4 8 7.768698555211109
4 9 0.15767961746899317
5 6 7.445941772481477
5 7 8.986685546921718
5 8 2.719283808316826
5 9 1.3646487476731695
6 7 1.6432289589012794
6 8 5.894397345335241
6 9 4.8189124782708355
7 8 9.90697606927206
7 9 8.384820636021228
8 9 0.10109969142712782