2 7
3 0 1 8.927887013140706
3 0 2 4.565299827657308
3 0 3 3.6801527190085737
3 0 4 2.8923754244955493
3 0 5 0.3839920123989293
3 0 6 7.732569568446049
3 1 2 6.633130259561461
3 1 3 6.185931103038095
3 1 4 0.5179336618467234
3 1 5 4.670950530997078
3 1 6 1.5282747556443332
3 2 3 0.19823649227673656
3 2 4 4.256481775536548
3 2 5 1.0521227424829382
3 2 6 8.924218153203388
3 3 4 5.440361847791012
3 3 5 6.5448750826074225
3 3 6 0.9654608720294466
3 4 5 8.45371080148554
3 4 6 6.335254452630861
3 5 6 3.0872788615854905
4 0 1 8.927887013140706
4 1 2 6.633130259561461
4 2 0 4.565299827657308
4 0 3 3.6801527190085737
4 3 1 6.185931103038095
4 1 4 0.5179336618467234
4 4 0 2.8923754244955493
3 0 5 0.3839920123989293
4 5 1 4.670950530997078
4 1 6 1.5282747556443332
4 6 0 7.732569568446049
1
0