1
4 20
5 0 1 5.404278227354133
5 0 2 3.0078404857956675
5 0 3 3.5164638945533344
5 0 4 9.704709464951017
5 0 5 0.8712627250225025
5 0 6 5.31253179473408
5 0 7 4.469491246102778
5 0 8 3.8740240561284733
5 0 9 9.490792309429652
5 0 10 8.479514718002983
5 0 11 7.1829199143065665
5 0 12 2.3610922604247184
5 0 13 6.7638917506185585
5 0 14 7.7221255268656055
5 0 15 3.0273282215125974
5 0 16 1.9884763299614994
5 0 17 8.693313255977106
5 0 18 4.322056691170379
5 0 19 6.849958561523842
5 1 2 2.288818904846177
5 1 3 0.8911215458216504
5 1 4 9.219050675103684
5 1 5 0.38635246532907286
5 1 6 9.391516239857918
5 1 7 3.4392338371726994
5 1 8 8.224292917880389
5 1 9 2.825242511920031
5 1 10 3.3301164882483123
5 1 11 1.9817347193275725
5 1 12 4.914934832638328
5 1 13 1.5885232036704244
5 1 14 8.543698845399238
5 1 15 0.771928118467412
5 1 16 2.9019484851312525
5 1 17 3.038525321068861
5 1 18 0.636499522093954
5 1 19 3.9537270229083834
5 2 3 2.6107772697874196
5 2 4 9.787701951987271
5 2 5 8.563574043992887
5 2 6 7.2261266575204495
5 2 7 8.97401449734005
5 2 8 8.561222899963429
5 2 9 0.3262960345197041
5 2 10 3.2211400268634494
5 2 11 5.507605255832799
5 2 12 0.1508770509239321
5 2 13 1.9900081651378243
5 2 14 0.4197237588775826
5 2 15 7.126835295066543
5 2 16 0.899054963900533
5 2 17 4.3771594127816
5 2 18 7.236856427133387
5 2 19 8.755632986623969
5 3 4 3.364490672602658
5 3 5 9.142775357314862
5 3 6 0.02607574562237369
5 3 7 9.292478995449361
5 3 8 2.3468228365577004
5 3 9 6.1051270522629455
5 3 10 6.185419569634574
5 3 11 0.8184825847482347
5 3 12 1.2849297059371678
5 3 13 6.68297604569243
5 3 14 1.2908575891314444
5 3 15 1.0679495731810917
5 3 16 3.1943815347228552
5 3 17 4.081790931971159
5 3 18 2.2399406027641175
5 3 19 3.129031295678968
5 4 5 9.772245841136645
5 4 6 9.474847673706861
5 4 7 6.757535142528236
5 4 8 0.10181065903066222
5 4 9 2.072870801911991
5 4 10 4.841138419169181
5 4 11 3.2971528319761587
5 4 12 4.013448593531655
5 4 13 6.246163803314947
5 4 14 7.350529849585326
5 4 15 4.365519946437379
5 4 16 7.674775325931826
5 4 17 8.230268753281827
5 4 18 7.227631477806323
5 4 19 0.6046815302567976
5 5 6 5.359982178938862
5 5 7 2.0034444709765475
5 5 8 0.8793445660163202
5 5 9 2.5850663113257455
5 5 10 3.2008300279894195
5 5 11 7.025327510160611
5 5 12 3.737081465807025
5 5 13 2.1945851276140402
5 5 14 3.0090593393886023
5 5 15 1.8356608607184488
5 5 16 2.7431587549364576
5 5 17 5.752973994247777
5 5 18 3.8754525503576334
5 5 19 2.428956647272421
5 6 7 6.701885833237254
5 6 8 6.53723402175328
5 6 9 4.341262132996558
5 6 10 5.9864528943557165
5 6 11 3.8193841086914118
5 6 12 5.273159378030844
5 6 13 4.197487441476163
5 6 14 2.8221149485651953
5 6 15 9.672186216086988
5 6 16 3.329589713083042
5 6 17 9.039744132655384
5 6 18 1.9873216865247323
5 6 19 5.573184931312619
5 7 8 4.846157353131128
5 7 9 2.5912415423333557
5 7 10 8.87927204788692
5 7 11 6.844512673066591
5 7 12 0.8319458123557599
5 7 13 1.5036444348166866
5 7 14 6.41102681028018
5 7 15 2.8604500687547008
5 7 16 0.39161584162030416
5 7 17 4.855360625550573
5 7 18 4.826507081436937
5 7 19 5.88947676390519
5 8 9 1.6671916124315267
5 8 10 5.8890680854592645
5 8 11 9.081647651268904
5 8 12 3.7430954350042733
5 8 13 7.827846877167067
5 8 14 6.665051472590444
5 8 15 6.8633001912897456
5 8 16 2.0300724796018024
5 8 17 1.4966652113934342
5 8 18 7.254191682237203
5 8 19 4.780373574595367
5 9 10 5.418256684677967
5 9 11 4.372494913875046
5 9 12 9.854212115516779
5 9 13 5.037084379447261
5 9 14 3.722152267971466
5 9 15 7.486653823764402
5 9 16 4.785056525333089
5 9 17 9.986083940456025
5 9 18 7.862937729456468
5 9 19 1.5283860543237637
5 10 11 9.704030026754616
5 10 12 7.359619735698829
5 10 13 2.788637686477781
5 10 14 5.9796074474902285
5 10 15 5.5786136639453945
5 10 16 4.689778743849638
5 10 17 9.295673680396945
5 10 18 0.41862132836576804
5 10 19 2.9646131439465915
5 11 12 7.454248821565663
5 11 13 4.359027380839966
5 11 14 1.284126280153608
5 11 15 9.959582391371404
5 11 16 1.8219278434808006
5 11 17 0.05677607413900554
5 11 18 2.6349742112537244
5 11 19 8.83621686611534
5 12 13 9.523100970556037
5 12 14 4.465766466259958
5 12 15 9.997784997345786
5 12 16 1.8076845239579964
5 12 17 9.331793669205
5 12 18 4.008715612285312
5 12 19 2.2636569282608843
5 13 14 7.636625724246219
5 13 15 6.9233031694208265
5 13 16 5.649037402054491
5 13 17 7.776857192387041
5 13 18 9.871816389410675
5 13 19 2.4577972357776847
5 14 15 9.058213028686819
5 14 16 7.252518193060336
5 14 17 4.3812581524123235
5 14 18 3.14126446107188
5 14 19 3.4215380011595897
5 15 16 7.967000631631046
5 15 17 8.547723616447977
5 15 18 6.227985406993671
5 15 19 0.9015933884195393
5 16 17 0.7837328292071255
5 16 18 7.002549858806395
5 16 19 6.454091757370195
5 17 18 8.944805100670493
5 17 19 4.008967593119804
5 18 19 9.095738043588447
6 20 0 1 2 3 4 5 6 7 8 9 10 11 12 13 14 15 16 17 18 19
2
3
6 10 9 7 6 8 1 2 5 3 11 15
2
3
2
3
0