1 12
2 0 1 5.48
2 0 2 2.37
2 0 3 5.65
2 0 4 1.39
2 0 5 9.46
2 0 6 3.87
2 0 7 7.82
2 0 8 7.54
2 0 9 7.31
2 0 10 7.33
2 0 11 9.37
2 1 2 5.77
2 1 3 7.36
2 1 4 5.95
2 1 5 8.4
2 1 6 1.52
2 1 7 8.69
2 1 8 5.58
2 1 9 5.75
2 1 10 6.6
2 1 11 2.14
2 2 3 0.54
2 2 4 1.75
2 2 5 2.06
2 2 6 0.22
2 2 7 9.3
2 2 8 5.8
2 2 9 5.5
2 2 10 8.02
2 2 11 0.72
2 3 4 1.72
2 3 5 0.21
2 3 6 8.94
2 3 7 3.13
2 3 8 4.67
2 3 9 3.27
2 3 10 5.78
2 3 11 8.85
2 4 5 8.82
2 4 6 1.87
2 4 7 9.72
2 4 8 3.41
2 4 9 8.17
2 4 10 2.38
2 4 11 7.54
2 5 6 4.95
2 5 7 7.15
2 5 8 4.78
2 5 9 9.54
2 5 10 1.6
2 5 11 1.38
2 6 7 5.62
2 6 8 9.44
2 6 9 6.24
2 6 10 3.79
2 6 11 6.51
2 7 8 0.25
2 7 9 6.38
2 7 10 5.77
2 7 11 1.39
2 8 9 9.09
2 8 10 3.66
2 8 11 8.34
2 9 10 5.21
2 9 11 8.07
2 10 11 1.82
3
5 120
4
0