1 15
2 0 1 8.43
2 0 2 3.93
2 0 3 6.25
2 0 4 6.03
2 0 5 3.35
2 0 6 5.29
2 0 7 6.81
2 0 8 2.63
2 0 9 5.82
2 0 10 9.34
2 0 11 2.79
2 0 12 6.04
2 0 13 2.92
2 0 14 1.94
2 1 2 3.33
2 1 3 4.81
2 1 4 3.36
2 1 5 1.29
2 1 6 9.39
2 1 7 3.22
2 1 8 9.05
2 1 9 2.2
2 1 10 2.93
2 1 11 6.36
2 1 12 1.16
2 1 13 1.02
2 1 14 9.35
2 2 3 5.74
2 2 4 2.85
2 2 5 3.59
2 2 6 3.14
2 2 7 3.3
2 2 8 8.88
2 2 9 9.96
2 2 10 1.1
2 2 11 4.81
2 2 12 5.86
2 2 13 7.87
2 2 14 2.38
2 3 4 0.55
2 3 5 5.32
2 3 6 4.03
2 3 7 9.56
2 3 8 0.23
2 3 9 6.01
2 3 10 6.26
2 3 11 0.49
2 3 12 0.84
2 3 13 1.0
2 3 14 2.09
2 4 5 6.24
2 4 6 1.61
2 4 7 9.79
2 4 8 9.01
2 4 9 6.6
2 4 10 7.25
2 4 11 5.64
2 4 12 9.81
2 4 13 0.83
2 4 14 1.63
2 5 6 3.56
2 5 7 1.8
2 5 8 8.11
2 5 9 7.07
2 5 10 4.82
2 5 11 2.23
2 5 12 9.05
2 5 13 0.62
2 5 14 9.91
2 6 7 3.53
2 6 8 6.89
2 6 9 7.53
2 6 10 2.95
2 6 11 1.04
2 6 12 4.56
2 6 13 4.05
2 6 14 7.02
2 7 8 2.74
2 7 9 1.81
2 7 10 5.99
2 7 11 1.78
2 7 12 5.16
2 7 13 4.75
2 7 14 6.94
2 8 9 1.81
2 8 10 2.46
2 8 11 8.56
2 8 12 0.26
2 8 13 6.48
2 8 14 5.4
2 9 10 3.17
2 9 11 1.85
2 9 12 0.05
2 9 13 5.7
2 9 14 0.78
2 10 11 6.56
2 10 12 3.62
2 10 13 6.86
2 10 14 3.39
2 11 12 9.59
2 11 13 8.96
2 11 14 6.21
2 12 13 8.65
2 12 14 5.83
2 13 14 8.01
3
6
4
5 10
4
7
4
0