2 20
3 0 1 1.6583302992572646
3 0 2 9.098032152808777
3 0 3 9.18895915120887
3 0 4 8.213565872285745
3 0 5 8.861200315692749
3 0 6 7.619678100918188
3 0 7 2.832740587249555
3 0 8 8.420267974244913
3 0 9 0.6775556708461683
3 0 10 0.534083864527215
3 0 11 7.741593737903872
3 0 12 3.8498129075625096
3 0 13 5.935528245456818
3 0 14 1.363826280967152
3 0 15 2.993971858497747
3 0 16 7.622010950585615
3 0 17 6.813922332389277
3 0 18 0.499224924178685
3 0 19 9.244491602679584
3 1 2 2.844362895209205
3 1 3 1.4183723738758913
3 1 4 0.032153222380317814
3 1 5 5.20743210498349
3 1 6 0.5121881214809099
3 1 7 1.9960524111968292
3 1 8 5.330163072901098
3 1 9 7.073250530045902
3 1 10 3.8959211798982327
3 1 11 1.4564765990623463
3 1 12 2.349029663114214
3 1 13 0.8156928327683632
3 1 14 6.367787156997346
3 1 15 5.836641410015757
3 1 16 6.605653562071105
3 1 17 9.349035222873667
3 1 18 4.825143663856224
3 1 19 1.881948856626916
3 2 3 5.719581659049723
3 2 4 0.05944276966080908
3 2 5 0.13535444603324454
3 2 6 7.010069537251785
3 2 7 2.4802428390144926
3 2 8 3.3613843179184277
3 2 9 9.35713964549084
3 2 10 3.583095556095608
3 2 11 9.508316347221225
3 2 12 9.619497413906478
3 2 13 1.8859229016086432
3 2 14 0.6340398916259371
3 2 15 9.753482063559293
3 2 16 0.02824983379499546
3 2 17 3.125777382377395
3 2 18 3.9769443467717114
3 2 19 9.307130162754198
3 3 4 6.856195714968292
3 3 5 4.808146885145853
3 3 6 9.975559531560092
3 3 7 0.30743168716280467
3 3 8 9.838580024615784
3 3 9 0.6576017732265671
3 3 10 9.153760831151153
3 3 11 2.075508689928384
3 3 12 8.441496815386678
3 3 13 9.747458431359941
3 3 14 3.3015736853862707
3 3 15 8.045259290110321
3 3 16 4.222758735921513
3 3 17 7.593182084369271
3 3 18 3.7638769511929224
3 3 19 4.535730494280341
3 4 5 3.579091161067863
3 4 6 6.79905645943399
3 4 7 9.194563991773645
3 4 8 4.963753473138704
3 4 9 8.79621469480891
3 4 10 4.903695762618737
3 4 11 8.217138826221182
3 4 12 9.705889406074753
3 4 13 4.507834960182942
3 4 14 6.9625405443952175
3 4 15 6.153427359461495
3 4 16 7.4925575636045085
3 4 17 7.421510478122641
3 4 18 4.360565887516804
3 4 19 5.265293034359497
3 5 6 8.95354663348283
3 5 7 9.483822670554654
3 5 8 9.366004138116459
3 5 9 4.799943280954045
3 5 10 6.732942281765326
3 5 11 8.534226602272929
3 5 12 7.015962551655425
3 5 13 0.5376165085705809
3 5 14 9.452824419082306
3 5 15 5.936410742545544
3 5 16 2.0673971002255898
3 5 17 3.511147604875701
3 5 18 8.728924629066913
3 5 19 7.67795249020283
3 6 7 8.951979836121737
3 6 8 4.10010732556846
3 6 9 9.427754927697421
3 6 10 3.993502901481828
3 6 11 6.9409723538415395
3 6 12 0.7979178449278446
3 6 13 3.403550430371234
3 6 14 2.6936946181660026
3 6 15 1.0563044067047045
3 6 16 2.6085477426583523
3 6 17 6.064698090850115
3 6 18 3.071411165202178
3 6 19 1.6566258558672486
3 7 8 0.25009197895336954
3 7 9 3.293148015535423
3 7 10 0.5090185897279709
3 7 11 2.082183002069203
3 7 12 4.12575176888216
3 7 13 3.476636060870523
3 7 14 6.7246047434108664
3 7 15 4.259948049519505
3 7 16 6.368422612300489
3 7 17 5.7123698017245275
3 7 18 6.972232384913637
3 7 19 6.750507298227104
3 8 9 0.1733094450887318
3 8 10 0.602163438861888
3 8 11 3.4506581086980592
3 8 12 8.360792934087918
3 8 13 2.103688980532649
3 8 14 4.482831422536403
3 8 15 3.6769283514779296
3 8 16 3.1518220049009074
3 8 17 2.0881404918358215
3 8 18 1.4219799609924544
3 8 19 3.645713291633126
3 9 10 9.438180758934632
3 9 11 1.423272465472154
3 9 12 9.858163153664872
3 9 13 8.222193048867496
3 9 14 6.206075646685005
3 9 15 1.2541715113996876
3 9 16 2.375701752571419
3 9 17 5.405766125171833
3 9 18 5.2693471077437675
3 9 19 2.7255105745379637
3 10 11 7.77828395173178
3 10 12 6.853798563042597
3 10 13 6.437920555152332
3 10 14 5.2794451559682845
3 10 15 4.361802826270539
3 10 16 4.369090671219434
3 10 17 5.9907493881431675
3 10 18 1.42214243344003
3 10 19 2.0857111423804833
3 11 12 0.9316879044999948
3 11 13 5.825378768096686
3 11 14 4.6889790990785
3 11 15 9.203497047989762
3 11 16 5.295114460316929
3 11 17 1.798843716224876
3 11 18 2.5091573894293893
3 11 19 5.836721364173685
3 12 13 1.169067437113741
3 12 14 4.979683565808135
3 12 15 7.203682998855974
3 12 16 2.9633775366407122
3 12 17 5.575054381449992
3 12 18 8.79844492472046
3 12 19 6.446358955602511
3 13 14 0.34016917337138186
3 13 15 6.088416789466294
3 13 16 8.41411088188018
3 13 17 9.17564749032184
3 13 18 0.9896217096896598
3 13 19 3.3696305468135646
3 14 15 6.006482609851788
3 14 16 4.165957407092632
3 14 17 3.0567815238350393
3 14 18 3.6397319530016627
3 14 19 7.159612181091254
3 15 16 6.250118238202315
3 15 17 2.076575885995725
3 15 18 5.569165658851688
3 15 19 9.018963933956622
3 16 17 9.530503185140798
3 16 18 7.991738028906678
3 16 19 7.426310901085952
3 17 18 0.4850622222953527
3 17 19 7.824467820906795
3 18 19 1.6225344378143125
1
1
0